[ 2351.435346] [Project1] 3555 1587829924.428045728 1587829925.184314746
[ 2353.048800] [Project1] 3556 1587829925.994055202 1587829926.797738060
[ 2354.612030] [Project1] 3557 1587829927.547047777 1587829928.360981696
[ 2356.228877] [Project1] 3558 1587829929.170997441 1587829929.977820186
[ 2357.669675] [Project1] 3559 1587829930.664291067 1587829931.418609993
[ 2359.288726] [Project1] 3560 1587829932.230332535 1587829933.037644992
[ 2360.788731] [Project1] 3561 1587829933.727100602 1587829934.537649086
[ 2362.406957] [Project1] 3562 1587829935.344285238 1587829936.155864843
[ 2363.976170] [Project1] 3563 1587829936.961340576 1587829937.725069944
[ 2365.522913] [Project1] 3564 1587829938.476270938 1587829939.271803913
